-1.2882464722019535
-3.125943263209636
-1.6322002063849335
-5.562700737367585
-5.831575028291287
0.5765938809765265
-0.9823977193968543
-1.4913826993485253
1.3970133556254127
7.6721266849334215
1.0657509576930304
-3.9768758407898948
-3.9137834942552305
-6.56896500549661
3.3844568217660305
-1.0654564592271465
-2.178509449186962
-4.753251070483451
-5.245389362312976
0.27158097474308857
-4.862663061836679
4.822246987047749
-5.598923246865243
9.52683683359539
0.869519332576181
-4.4051049358636805
-2.4211733799931823
-2.0575856120247384
-4.3484198110440655
-10.458092527917785
-4.533998863155744
-3.0804934626869582
-12.543989374567307
-8.483307405055898
-8.905793972910704
2.5779262569120256
-5.78975765397582
-1.770886471081335
-11.169116643495192
-0.6532281378010862
-4.470969794328797
2.882475797287078
