-1.2188681957952057
-1.9261630661062383
-1.710103405731684
-3.813835056872703
-4.259861307100007
0.3167378515992558
0.826900869607021
-0.7245781224469896
-2.1213365096411727
3.260906713688811
2.4627631464588413
-2.684279893702029
-3.1133801758491124
-8.980613586399626
-0.09337857139572914
-4.846519867220266
1.5122524719154744
-2.5007971722594227
-2.3617889589667356
0.875079013231673
-1.7285002988566618
-0.5537895265100641
-0.9003781616796916
6.49319045884646
0.0
-0.03907867119077446
2.9057649176764326
1.1753332431839594
0.2593306484451321
-9.32929550073205
-1.5093796429276516
-1.0275811887583064
4.235698073794951
1.1144285076185954
-7.2789058071736665
-0.6998950560561196
0.22630316813924578
1.7315758722746297
-6.4761003757081665
4.796315119063625
2.724730178948284
0.0
